var1 <- 2
var2 <- 5
sum1a2 <- var1 + var2
diff1a2 <- var2 - var1
